     3      2 5.7142857143e-01
     4      2 5.7142857143e-01
     5      2 3.6227119784e-01
     6      2 3.6227119784e-01
     3      3 -4.1285714286e+01
     4      3 -4.1285714286e+01
     5      3 -9.6538725133e+01
     6      3 -9.6538725133e+01
     3      4 -5.7914285714e+01
     4      4 -5.7914285714e+01
     5      4 -1.4232273473e+02
     6      4 -1.4232273473e+02
     3      5 -7.4542857143e+01
     4      5 -7.4542857143e+01
     5      5 -1.8948447982e+02
     6      5 -1.8948447982e+02
     3      6 -9.1171428571e+01
     4      6 -9.1171428571e+01
     5      6 -2.3723008424e+02
     6      6 -2.3723008424e+02
     3      7 -1.0780000000e+02
     4      7 -1.0780000000e+02
     5      7 -2.8528046254e+02
     6      7 -2.8528046254e+02
