0.866025389621 0.000000000000 1 3 1 3 3 1 1 2 1 4 0 1 2 1 2 0 1 3 1 3
0.866025389621 0.000000000000 1 3 2 3 3 1 1 2 1 4 0 1 2 1 3 0 1 3 1 2
0.866025389621 0.000000000000 1 3 3 3 0 1 1 1 2 3 1 2 2 1 4 0 1 3 1 3
0.866025389621 0.000000000000 1 3 4 3 0 1 1 1 2 0 1 2 1 3 3 1 3 2 1 4
0.866025389621 0.000000000000 1 3 5 3 0 1 1 1 3 3 1 2 2 1 4 0 1 3 1 2
0.866025389621 0.000000000000 1 3 6 3 0 1 1 1 3 0 1 2 1 2 3 1 3 2 1 4
0.866025389621 0.000000000000 1 3 7 3 0 1 1 1 1 3 1 2 2 2 4 0 1 3 1 3
0.866025389621 0.000000000000 1 3 8 3 0 1 1 1 1 0 1 2 1 3 3 1 3 2 2 4
0.866025389621 0.000000000000 1 3 9 3 3 1 1 2 2 4 0 1 2 1 1 0 1 3 1 3
0.866025389621 0.000000000000 1 3 10 3 3 1 1 2 2 4 0 1 2 1 3 0 1 3 1 1
0.866025389621 0.000000000000 1 3 11 3 0 1 1 1 3 0 1 2 1 1 3 1 3 2 2 4
0.866025389621 0.000000000000 1 3 12 3 0 1 1 1 3 3 1 2 2 2 4 0 1 3 1 1
-1.732050779241 0.000000000000 1 3 13 3 0 1 1 1 1 0 1 2 1 2 3 1 3 2 3 4
-1.732050779241 0.000000000000 1 3 14 3 0 1 1 1 1 3 1 2 2 3 4 0 1 3 1 2
-1.732050779241 0.000000000000 1 3 15 3 0 1 1 1 2 0 1 2 1 1 3 1 3 2 3 4
-1.732050779241 0.000000000000 1 3 16 3 0 1 1 1 2 3 1 2 2 3 4 0 1 3 1 1
-1.732050779241 0.000000000000 1 3 17 3 3 1 1 2 3 4 0 1 2 1 1 0 1 3 1 2
-1.732050779241 0.000000000000 1 3 18 3 3 1 1 2 3 4 0 1 2 1 2 0 1 3 1 1
-0.866025389621 0.000000000000 1 3 19 3 3 1 1 2 1 3 0 1 2 1 2 0 1 3 1 4
-0.866025389621 0.000000000000 1 3 20 3 3 1 1 2 1 3 0 1 2 1 4 0 1 3 1 2
-0.866025389621 0.000000000000 1 3 21 3 0 1 1 1 2 3 1 2 2 1 3 0 1 3 1 4
-0.866025389621 0.000000000000 1 3 22 3 0 1 1 1 2 0 1 2 1 4 3 1 3 2 1 3
-0.866025389621 0.000000000000 1 3 23 3 0 1 1 1 4 3 1 2 2 1 3 0 1 3 1 2
-0.866025389621 0.000000000000 1 3 24 3 0 1 1 1 4 0 1 2 1 2 3 1 3 2 1 3
-0.866025389621 0.000000000000 1 3 25 3 0 1 1 1 1 3 1 2 2 2 3 0 1 3 1 4
-0.866025389621 0.000000000000 1 3 26 3 0 1 1 1 1 0 1 2 1 4 3 1 3 2 2 3
-0.866025389621 0.000000000000 1 3 27 3 3 1 1 2 2 3 0 1 2 1 1 0 1 3 1 4
-0.866025389621 0.000000000000 1 3 28 3 3 1 1 2 2 3 0 1 2 1 4 0 1 3 1 1
-0.866025389621 0.000000000000 1 3 29 3 0 1 1 1 4 0 1 2 1 1 3 1 3 2 2 3
-0.866025389621 0.000000000000 1 3 30 3 0 1 1 1 4 3 1 2 2 2 3 0 1 3 1 1
2.598076168862 0.000000000000 1 3 37 2 4 2 1 3 2 1 3 3 1 2 2 2 4
-2.598076168862 0.000000000000 1 3 38 2 4 2 1 3 2 2 4 3 1 2 2 1 3
-2.598076168862 0.000000000000 1 3 39 2 4 2 1 3 2 1 4 3 1 2 2 2 3
2.598076168862 0.000000000000 1 3 40 2 4 2 1 3 2 2 3 3 1 2 2 1 4
-5.196152337724 0.000000000000 1 3 41 2 4 2 1 3 2 1 2 3 1 2 2 3 4
-2.598076168862 0.000000000000 1 3 43 2 3 1 1 2 1 3 4 2 2 3 2 2 4
2.598076168862 0.000000000000 1 3 44 2 3 1 1 2 2 4 4 2 2 3 2 1 3
2.598076168862 0.000000000000 1 3 45 2 3 1 1 2 1 4 4 2 2 3 2 2 3
-2.598076168862 0.000000000000 1 3 46 2 3 1 1 2 2 3 4 2 2 3 2 1 4
-5.196152337724 0.000000000000 1 3 48 2 3 1 1 2 3 4 4 2 2 3 2 1 2
2.598076168862 0.000000000000 1 3 49 2 4 2 1 2 2 1 3 3 1 3 2 2 4
-2.598076168862 0.000000000000 1 3 50 2 4 2 1 2 2 2 4 3 1 3 2 1 3
-2.598076168862 0.000000000000 1 3 51 2 4 2 1 2 2 1 4 3 1 3 2 2 3
2.598076168862 0.000000000000 1 3 52 2 4 2 1 2 2 2 3 3 1 3 2 1 4
-5.196152337724 0.000000000000 1 3 53 2 4 2 1 2 2 1 2 3 1 3 2 3 4
0.045712489522 0.000000000000 1 5 1 3 3 1 1 2 1 4 0 1 2 1 2 0 1 3 1 3
0.045712489522 0.000000000000 1 5 2 3 3 1 1 2 1 4 0 1 2 1 3 0 1 3 1 2
0.045712489522 0.000000000000 1 5 3 3 0 1 1 1 2 3 1 2 2 1 4 0 1 3 1 3
0.045712489522 0.000000000000 1 5 4 3 0 1 1 1 2 0 1 2 1 3 3 1 3 2 1 4
0.045712489522 0.000000000000 1 5 5 3 0 1 1 1 3 3 1 2 2 1 4 0 1 3 1 2
0.045712489522 0.000000000000 1 5 6 3 0 1 1 1 3 0 1 2 1 2 3 1 3 2 1 4
-0.045712489522 0.000000000000 1 5 7 3 0 1 1 1 1 3 1 2 2 2 4 0 1 3 1 3
-0.045712489522 0.000000000000 1 5 8 3 0 1 1 1 1 0 1 2 1 3 3 1 3 2 2 4
-0.045712489522 0.000000000000 1 5 9 3 3 1 1 2 2 4 0 1 2 1 1 0 1 3 1 3
-0.045712489522 0.000000000000 1 5 10 3 3 1 1 2 2 4 0 1 2 1 3 0 1 3 1 1
-0.045712489522 0.000000000000 1 5 11 3 0 1 1 1 3 0 1 2 1 1 3 1 3 2 2 4
-0.045712489522 0.000000000000 1 5 12 3 0 1 1 1 3 3 1 2 2 2 4 0 1 3 1 1
1.398319237450 0.000000000000 1 5 19 3 3 1 1 2 1 3 0 1 2 1 2 0 1 3 1 4
1.398319237450 0.000000000000 1 5 20 3 3 1 1 2 1 3 0 1 2 1 4 0 1 3 1 2
1.398319237450 0.000000000000 1 5 21 3 0 1 1 1 2 3 1 2 2 1 3 0 1 3 1 4
1.398319237450 0.000000000000 1 5 22 3 0 1 1 1 2 0 1 2 1 4 3 1 3 2 1 3
1.398319237450 0.000000000000 1 5 23 3 0 1 1 1 4 3 1 2 2 1 3 0 1 3 1 2
1.398319237450 0.000000000000 1 5 24 3 0 1 1 1 4 0 1 2 1 2 3 1 3 2 1 3
-1.398319237450 0.000000000000 1 5 25 3 0 1 1 1 1 3 1 2 2 2 3 0 1 3 1 4
-1.398319237450 0.000000000000 1 5 26 3 0 1 1 1 1 0 1 2 1 4 3 1 3 2 2 3
-1.398319237450 0.000000000000 1 5 27 3 3 1 1 2 2 3 0 1 2 1 1 0 1 3 1 4
-1.398319237450 0.000000000000 1 5 28 3 3 1 1 2 2 3 0 1 2 1 4 0 1 3 1 1
-1.398319237450 0.000000000000 1 5 29 3 0 1 1 1 4 0 1 2 1 1 3 1 3 2 2 3
-1.398319237450 0.000000000000 1 5 30 3 0 1 1 1 4 3 1 2 2 2 3 0 1 3 1 1
-1.444031726972 0.000000000000 1 5 31 3 3 1 1 2 1 2 0 1 2 1 3 0 1 3 1 4
-1.444031726972 0.000000000000 1 5 32 3 3 1 1 2 1 2 0 1 2 1 4 0 1 3 1 3
-1.444031726972 0.000000000000 1 5 33 3 0 1 1 1 3 3 1 2 2 1 2 0 1 3 1 4
-1.444031726972 0.000000000000 1 5 34 3 0 1 1 1 3 0 1 2 1 4 3 1 3 2 1 2
-1.444031726972 0.000000000000 1 5 35 3 0 1 1 1 4 3 1 2 2 1 2 0 1 3 1 3
-1.444031726972 0.000000000000 1 5 36 3 0 1 1 1 4 0 1 2 1 3 3 1 3 2 1 2
-0.137137468566 0.000000000000 1 5 37 2 4 2 1 3 2 1 3 3 1 2 2 2 4
4.194957712349 0.000000000000 1 5 38 2 4 2 1 3 2 2 4 3 1 2 2 1 3
-4.194957712349 0.000000000000 1 5 39 2 4 2 1 3 2 1 4 3 1 2 2 2 3
0.137137468566 0.000000000000 1 5 40 2 4 2 1 3 2 2 3 3 1 2 2 1 4
-4.332095180915 0.000000000000 1 5 42 2 4 2 1 3 2 3 4 3 1 2 2 1 2
4.194957712349 0.000000000000 1 5 43 2 3 1 1 2 1 3 4 2 2 3 2 2 4
-0.137137468566 0.000000000000 1 5 44 2 3 1 1 2 2 4 4 2 2 3 2 1 3
0.137137468566 0.000000000000 1 5 45 2 3 1 1 2 1 4 4 2 2 3 2 2 3
-4.194957712349 0.000000000000 1 5 46 2 3 1 1 2 2 3 4 2 2 3 2 1 4
-4.332095180915 0.000000000000 1 5 47 2 3 1 1 2 1 2 4 2 2 3 2 3 4
-0.137137468566 0.000000000000 1 5 49 2 4 2 1 2 2 1 3 3 1 3 2 2 4
4.194957712349 0.000000000000 1 5 50 2 4 2 1 2 2 2 4 3 1 3 2 1 3
-4.194957712349 0.000000000000 1 5 51 2 4 2 1 2 2 1 4 3 1 3 2 2 3
0.137137468566 0.000000000000 1 5 52 2 4 2 1 2 2 2 3 3 1 3 2 1 4
-4.332095180915 0.000000000000 1 5 54 2 4 2 1 2 2 3 4 3 1 3 2 1 2
-1.499303280960 0.000000000000 1 8 1 3 3 1 1 2 1 4 0 1 2 1 2 0 1 3 1 3
-1.499303280960 0.000000000000 1 8 2 3 3 1 1 2 1 4 0 1 2 1 3 0 1 3 1 2
-1.499303280960 0.000000000000 1 8 3 3 0 1 1 1 2 3 1 2 2 1 4 0 1 3 1 3
-1.499303280960 0.000000000000 1 8 4 3 0 1 1 1 2 0 1 2 1 3 3 1 3 2 1 4
-1.499303280960 0.000000000000 1 8 5 3 0 1 1 1 3 3 1 2 2 1 4 0 1 3 1 2
-1.499303280960 0.000000000000 1 8 6 3 0 1 1 1 3 0 1 2 1 2 3 1 3 2 1 4
1.499303280960 0.000000000000 1 8 7 3 0 1 1 1 1 3 1 2 2 2 4 0 1 3 1 3
1.499303280960 0.000000000000 1 8 8 3 0 1 1 1 1 0 1 2 1 3 3 1 3 2 2 4
1.499303280960 0.000000000000 1 8 9 3 3 1 1 2 2 4 0 1 2 1 1 0 1 3 1 3
1.499303280960 0.000000000000 1 8 10 3 3 1 1 2 2 4 0 1 2 1 3 0 1 3 1 1
1.499303280960 0.000000000000 1 8 11 3 0 1 1 1 3 0 1 2 1 1 3 1 3 2 2 4
1.499303280960 0.000000000000 1 8 12 3 0 1 1 1 3 3 1 2 2 2 4 0 1 3 1 1
0.542865973462 0.000000000000 1 8 19 3 3 1 1 2 1 3 0 1 2 1 2 0 1 3 1 4
0.542865973462 0.000000000000 1 8 20 3 3 1 1 2 1 3 0 1 2 1 4 0 1 3 1 2
0.542865973462 0.000000000000 1 8 21 3 0 1 1 1 2 3 1 2 2 1 3 0 1 3 1 4
0.542865973462 0.000000000000 1 8 22 3 0 1 1 1 2 0 1 2 1 4 3 1 3 2 1 3
0.542865973462 0.000000000000 1 8 23 3 0 1 1 1 4 3 1 2 2 1 3 0 1 3 1 2
0.542865973462 0.000000000000 1 8 24 3 0 1 1 1 4 0 1 2 1 2 3 1 3 2 1 3
-0.542865973462 0.000000000000 1 8 25 3 0 1 1 1 1 3 1 2 2 2 3 0 1 3 1 4
-0.542865973462 0.000000000000 1 8 26 3 0 1 1 1 1 0 1 2 1 4 3 1 3 2 2 3
-0.542865973462 0.000000000000 1 8 27 3 3 1 1 2 2 3 0 1 2 1 1 0 1 3 1 4
-0.542865973462 0.000000000000 1 8 28 3 3 1 1 2 2 3 0 1 2 1 4 0 1 3 1 1
-0.542865973462 0.000000000000 1 8 29 3 0 1 1 1 4 0 1 2 1 1 3 1 3 2 2 3
-0.542865973462 0.000000000000 1 8 30 3 0 1 1 1 4 3 1 2 2 2 3 0 1 3 1 1
0.956437307498 0.000000000000 1 8 31 3 3 1 1 2 1 2 0 1 2 1 3 0 1 3 1 4
0.956437307498 0.000000000000 1 8 32 3 3 1 1 2 1 2 0 1 2 1 4 0 1 3 1 3
0.956437307498 0.000000000000 1 8 33 3 0 1 1 1 3 3 1 2 2 1 2 0 1 3 1 4
0.956437307498 0.000000000000 1 8 34 3 0 1 1 1 3 0 1 2 1 4 3 1 3 2 1 2
0.956437307498 0.000000000000 1 8 35 3 0 1 1 1 4 3 1 2 2 1 2 0 1 3 1 3
0.956437307498 0.000000000000 1 8 36 3 0 1 1 1 4 0 1 2 1 3 3 1 3 2 1 2
4.497909842880 0.000000000000 1 8 37 2 4 2 1 3 2 1 3 3 1 2 2 2 4
1.628597920385 0.000000000000 1 8 38 2 4 2 1 3 2 2 4 3 1 2 2 1 3
-1.628597920385 0.000000000000 1 8 39 2 4 2 1 3 2 1 4 3 1 2 2 2 3
-4.497909842880 0.000000000000 1 8 40 2 4 2 1 3 2 2 3 3 1 2 2 1 4
2.869311922495 0.000000000000 1 8 42 2 4 2 1 3 2 3 4 3 1 2 2 1 2
1.628597920385 0.000000000000 1 8 43 2 3 1 1 2 1 3 4 2 2 3 2 2 4
4.497909842881 0.000000000000 1 8 44 2 3 1 1 2 2 4 4 2 2 3 2 1 3
-4.497909842881 0.000000000000 1 8 45 2 3 1 1 2 1 4 4 2 2 3 2 2 3
-1.628597920385 0.000000000000 1 8 46 2 3 1 1 2 2 3 4 2 2 3 2 1 4
2.869311922495 0.000000000000 1 8 47 2 3 1 1 2 1 2 4 2 2 3 2 3 4
4.497909842880 0.000000000000 1 8 49 2 4 2 1 2 2 1 3 3 1 3 2 2 4
1.628597920385 0.000000000000 1 8 50 2 4 2 1 2 2 2 4 3 1 3 2 1 3
-1.628597920385 0.000000000000 1 8 51 2 4 2 1 2 2 1 4 3 1 3 2 2 3
-4.497909842880 0.000000000000 1 8 52 2 4 2 1 2 2 2 3 3 1 3 2 1 4
2.869311922495 0.000000000000 1 8 54 2 4 2 1 2 2 3 4 3 1 3 2 1 2
0.164137032762 0.000000000000 2 1 1 3 3 1 1 2 1 4 0 1 2 1 2 0 1 3 1 3
-0.164137032762 0.000000000000 2 1 2 3 3 1 1 2 1 4 0 1 2 1 3 0 1 3 1 2
-0.164137032762 0.000000000000 2 1 3 3 0 1 1 1 2 3 1 2 2 1 4 0 1 3 1 3
0.164137032762 0.000000000000 2 1 4 3 0 1 1 1 2 0 1 2 1 3 3 1 3 2 1 4
0.164137032762 0.000000000000 2 1 5 3 0 1 1 1 3 3 1 2 2 1 4 0 1 3 1 2
-0.164137032762 0.000000000000 2 1 6 3 0 1 1 1 3 0 1 2 1 2 3 1 3 2 1 4
-0.164137032762 0.000000000000 2 1 7 3 0 1 1 1 1 3 1 2 2 2 4 0 1 3 1 3
0.164137032762 0.000000000000 2 1 8 3 0 1 1 1 1 0 1 2 1 3 3 1 3 2 2 4
0.164137032762 0.000000000000 2 1 9 3 3 1 1 2 2 4 0 1 2 1 1 0 1 3 1 3
-0.164137032762 0.000000000000 2 1 10 3 3 1 1 2 2 4 0 1 2 1 3 0 1 3 1 1
-0.164137032762 0.000000000000 2 1 11 3 0 1 1 1 3 0 1 2 1 1 3 1 3 2 2 4
0.164137032762 0.000000000000 2 1 12 3 0 1 1 1 3 3 1 2 2 2 4 0 1 3 1 1
0.164137032762 0.000000000000 2 1 19 3 3 1 1 2 1 3 0 1 2 1 2 0 1 3 1 4
-0.164137032762 0.000000000000 2 1 20 3 3 1 1 2 1 3 0 1 2 1 4 0 1 3 1 2
-0.164137032762 0.000000000000 2 1 21 3 0 1 1 1 2 3 1 2 2 1 3 0 1 3 1 4
0.164137032762 0.000000000000 2 1 22 3 0 1 1 1 2 0 1 2 1 4 3 1 3 2 1 3
0.164137032762 0.000000000000 2 1 23 3 0 1 1 1 4 3 1 2 2 1 3 0 1 3 1 2
-0.164137032762 0.000000000000 2 1 24 3 0 1 1 1 4 0 1 2 1 2 3 1 3 2 1 3
-0.164137032762 0.000000000000 2 1 25 3 0 1 1 1 1 3 1 2 2 2 3 0 1 3 1 4
0.164137032762 0.000000000000 2 1 26 3 0 1 1 1 1 0 1 2 1 4 3 1 3 2 2 3
0.164137032762 0.000000000000 2 1 27 3 3 1 1 2 2 3 0 1 2 1 1 0 1 3 1 4
-0.164137032762 0.000000000000 2 1 28 3 3 1 1 2 2 3 0 1 2 1 4 0 1 3 1 1
-0.164137032762 0.000000000000 2 1 29 3 0 1 1 1 4 0 1 2 1 1 3 1 3 2 2 3
0.164137032762 0.000000000000 2 1 30 3 0 1 1 1 4 3 1 2 2 2 3 0 1 3 1 1
-0.492411098285 0.000000000000 2 1 37 2 4 2 1 3 2 1 3 3 1 2 2 2 4
-0.492411098285 0.000000000000 2 1 38 2 4 2 1 3 2 2 4 3 1 2 2 1 3
-0.492411098285 0.000000000000 2 1 39 2 4 2 1 3 2 1 4 3 1 2 2 2 3
-0.492411098285 0.000000000000 2 1 40 2 4 2 1 3 2 2 3 3 1 2 2 1 4
0.492411098285 0.000000000000 2 1 43 2 3 1 1 2 1 3 4 2 2 3 2 2 4
0.492411098285 0.000000000000 2 1 44 2 3 1 1 2 2 4 4 2 2 3 2 1 3
0.492411098285 0.000000000000 2 1 45 2 3 1 1 2 1 4 4 2 2 3 2 2 3
0.492411098285 0.000000000000 2 1 46 2 3 1 1 2 2 3 4 2 2 3 2 1 4
0.492411098285 0.000000000000 2 1 49 2 4 2 1 2 2 1 3 3 1 3 2 2 4
0.492411098285 0.000000000000 2 1 50 2 4 2 1 2 2 2 4 3 1 3 2 1 3
0.492411098285 0.000000000000 2 1 51 2 4 2 1 2 2 1 4 3 1 3 2 2 3
0.492411098285 0.000000000000 2 1 52 2 4 2 1 2 2 2 3 3 1 3 2 1 4
-0.259970700621 0.000000000000 2 2 1 3 3 1 1 2 1 4 0 1 2 1 2 0 1 3 1 3
0.259970700621 0.000000000000 2 2 2 3 3 1 1 2 1 4 0 1 2 1 3 0 1 3 1 2
0.259970700621 0.000000000000 2 2 3 3 0 1 1 1 2 3 1 2 2 1 4 0 1 3 1 3
-0.259970700621 0.000000000000 2 2 4 3 0 1 1 1 2 0 1 2 1 3 3 1 3 2 1 4
-0.259970700621 0.000000000000 2 2 5 3 0 1 1 1 3 3 1 2 2 1 4 0 1 3 1 2
0.259970700621 0.000000000000 2 2 6 3 0 1 1 1 3 0 1 2 1 2 3 1 3 2 1 4
0.259970700621 0.000000000000 2 2 7 3 0 1 1 1 1 3 1 2 2 2 4 0 1 3 1 3
-0.259970700621 0.000000000000 2 2 8 3 0 1 1 1 1 0 1 2 1 3 3 1 3 2 2 4
-0.259970700621 0.000000000000 2 2 9 3 3 1 1 2 2 4 0 1 2 1 1 0 1 3 1 3
0.259970700621 0.000000000000 2 2 10 3 3 1 1 2 2 4 0 1 2 1 3 0 1 3 1 1
0.259970700621 0.000000000000 2 2 11 3 0 1 1 1 3 0 1 2 1 1 3 1 3 2 2 4
-0.259970700621 0.000000000000 2 2 12 3 0 1 1 1 3 3 1 2 2 2 4 0 1 3 1 1
-0.259970700621 0.000000000000 2 2 19 3 3 1 1 2 1 3 0 1 2 1 2 0 1 3 1 4
0.259970700621 0.000000000000 2 2 20 3 3 1 1 2 1 3 0 1 2 1 4 0 1 3 1 2
0.259970700621 0.000000000000 2 2 21 3 0 1 1 1 2 3 1 2 2 1 3 0 1 3 1 4
-0.259970700621 0.000000000000 2 2 22 3 0 1 1 1 2 0 1 2 1 4 3 1 3 2 1 3
-0.259970700621 0.000000000000 2 2 23 3 0 1 1 1 4 3 1 2 2 1 3 0 1 3 1 2
0.259970700621 0.000000000000 2 2 24 3 0 1 1 1 4 0 1 2 1 2 3 1 3 2 1 3
0.259970700621 0.000000000000 2 2 25 3 0 1 1 1 1 3 1 2 2 2 3 0 1 3 1 4
-0.259970700621 0.000000000000 2 2 26 3 0 1 1 1 1 0 1 2 1 4 3 1 3 2 2 3
-0.259970700621 0.000000000000 2 2 27 3 3 1 1 2 2 3 0 1 2 1 1 0 1 3 1 4
0.259970700621 0.000000000000 2 2 28 3 3 1 1 2 2 3 0 1 2 1 4 0 1 3 1 1
0.259970700621 0.000000000000 2 2 29 3 0 1 1 1 4 0 1 2 1 1 3 1 3 2 2 3
-0.259970700621 0.000000000000 2 2 30 3 0 1 1 1 4 3 1 2 2 2 3 0 1 3 1 1
0.779912101862 0.000000000000 2 2 37 2 4 2 1 3 2 1 3 3 1 2 2 2 4
0.779912101862 0.000000000000 2 2 38 2 4 2 1 3 2 2 4 3 1 2 2 1 3
0.779912101862 0.000000000000 2 2 39 2 4 2 1 3 2 1 4 3 1 2 2 2 3
0.779912101862 0.000000000000 2 2 40 2 4 2 1 3 2 2 3 3 1 2 2 1 4
-0.779912101862 0.000000000000 2 2 43 2 3 1 1 2 1 3 4 2 2 3 2 2 4
-0.779912101862 0.000000000000 2 2 44 2 3 1 1 2 2 4 4 2 2 3 2 1 3
-0.779912101862 0.000000000000 2 2 45 2 3 1 1 2 1 4 4 2 2 3 2 2 3
-0.779912101862 0.000000000000 2 2 46 2 3 1 1 2 2 3 4 2 2 3 2 1 4
-0.779912101862 0.000000000000 2 2 49 2 4 2 1 2 2 1 3 3 1 3 2 2 4
-0.779912101862 0.000000000000 2 2 50 2 4 2 1 2 2 2 4 3 1 3 2 1 3
-0.779912101862 0.000000000000 2 2 51 2 4 2 1 2 2 1 4 3 1 3 2 2 3
-0.779912101862 0.000000000000 2 2 52 2 4 2 1 2 2 2 3 3 1 3 2 1 4
-1.468153377242 0.000000000000 2 4 1 3 3 1 1 2 1 4 0 1 2 1 2 0 1 3 1 3
1.468153377242 0.000000000000 2 4 2 3 3 1 1 2 1 4 0 1 2 1 3 0 1 3 1 2
1.468153377242 0.000000000000 2 4 3 3 0 1 1 1 2 3 1 2 2 1 4 0 1 3 1 3
-1.468153377242 0.000000000000 2 4 4 3 0 1 1 1 2 0 1 2 1 3 3 1 3 2 1 4
-1.468153377242 0.000000000000 2 4 5 3 0 1 1 1 3 3 1 2 2 1 4 0 1 3 1 2
1.468153377242 0.000000000000 2 4 6 3 0 1 1 1 3 0 1 2 1 2 3 1 3 2 1 4
1.468153377242 0.000000000000 2 4 7 3 0 1 1 1 1 3 1 2 2 2 4 0 1 3 1 3
-1.468153377242 0.000000000000 2 4 8 3 0 1 1 1 1 0 1 2 1 3 3 1 3 2 2 4
-1.468153377242 0.000000000000 2 4 9 3 3 1 1 2 2 4 0 1 2 1 1 0 1 3 1 3
1.468153377242 0.000000000000 2 4 10 3 3 1 1 2 2 4 0 1 2 1 3 0 1 3 1 1
1.468153377242 0.000000000000 2 4 11 3 0 1 1 1 3 0 1 2 1 1 3 1 3 2 2 4
-1.468153377242 0.000000000000 2 4 12 3 0 1 1 1 3 3 1 2 2 2 4 0 1 3 1 1
-1.468153377242 0.000000000000 2 4 19 3 3 1 1 2 1 3 0 1 2 1 2 0 1 3 1 4
1.468153377242 0.000000000000 2 4 20 3 3 1 1 2 1 3 0 1 2 1 4 0 1 3 1 2
1.468153377242 0.000000000000 2 4 21 3 0 1 1 1 2 3 1 2 2 1 3 0 1 3 1 4
-1.468153377242 0.000000000000 2 4 22 3 0 1 1 1 2 0 1 2 1 4 3 1 3 2 1 3
-1.468153377242 0.000000000000 2 4 23 3 0 1 1 1 4 3 1 2 2 1 3 0 1 3 1 2
1.468153377242 0.000000000000 2 4 24 3 0 1 1 1 4 0 1 2 1 2 3 1 3 2 1 3
1.468153377242 0.000000000000 2 4 25 3 0 1 1 1 1 3 1 2 2 2 3 0 1 3 1 4
-1.468153377242 0.000000000000 2 4 26 3 0 1 1 1 1 0 1 2 1 4 3 1 3 2 2 3
-1.468153377242 0.000000000000 2 4 27 3 3 1 1 2 2 3 0 1 2 1 1 0 1 3 1 4
1.468153377242 0.000000000000 2 4 28 3 3 1 1 2 2 3 0 1 2 1 4 0 1 3 1 1
1.468153377242 0.000000000000 2 4 29 3 0 1 1 1 4 0 1 2 1 1 3 1 3 2 2 3
-1.468153377242 0.000000000000 2 4 30 3 0 1 1 1 4 3 1 2 2 2 3 0 1 3 1 1
4.404460131725 0.000000000000 2 4 37 2 4 2 1 3 2 1 3 3 1 2 2 2 4
4.404460131725 0.000000000000 2 4 38 2 4 2 1 3 2 2 4 3 1 2 2 1 3
4.404460131725 0.000000000000 2 4 39 2 4 2 1 3 2 1 4 3 1 2 2 2 3
4.404460131725 0.000000000000 2 4 40 2 4 2 1 3 2 2 3 3 1 2 2 1 4
-4.404460131725 0.000000000000 2 4 43 2 3 1 1 2 1 3 4 2 2 3 2 2 4
-4.404460131725 0.000000000000 2 4 44 2 3 1 1 2 2 4 4 2 2 3 2 1 3
-4.404460131725 0.000000000000 2 4 45 2 3 1 1 2 1 4 4 2 2 3 2 2 3
-4.404460131725 0.000000000000 2 4 46 2 3 1 1 2 2 3 4 2 2 3 2 1 4
-4.404460131725 0.000000000000 2 4 49 2 4 2 1 2 2 1 3 3 1 3 2 2 4
-4.404460131725 0.000000000000 2 4 50 2 4 2 1 2 2 2 4 3 1 3 2 1 3
-4.404460131725 0.000000000000 2 4 51 2 4 2 1 2 2 1 4 3 1 3 2 2 3
-4.404460131725 0.000000000000 2 4 52 2 4 2 1 2 2 2 3 3 1 3 2 1 4
-0.691964906360 0.000000000000 2 6 1 3 3 1 1 2 1 4 0 1 2 1 2 0 1 3 1 3
0.691964906360 0.000000000000 2 6 2 3 3 1 1 2 1 4 0 1 2 1 3 0 1 3 1 2
0.691964906360 0.000000000000 2 6 3 3 0 1 1 1 2 3 1 2 2 1 4 0 1 3 1 3
-0.691964906360 0.000000000000 2 6 4 3 0 1 1 1 2 0 1 2 1 3 3 1 3 2 1 4
-0.691964906360 0.000000000000 2 6 5 3 0 1 1 1 3 3 1 2 2 1 4 0 1 3 1 2
0.691964906360 0.000000000000 2 6 6 3 0 1 1 1 3 0 1 2 1 2 3 1 3 2 1 4
-0.691964906360 0.000000000000 2 6 7 3 0 1 1 1 1 3 1 2 2 2 4 0 1 3 1 3
0.691964906360 0.000000000000 2 6 8 3 0 1 1 1 1 0 1 2 1 3 3 1 3 2 2 4
0.691964906360 0.000000000000 2 6 9 3 3 1 1 2 2 4 0 1 2 1 1 0 1 3 1 3
-0.691964906360 0.000000000000 2 6 10 3 3 1 1 2 2 4 0 1 2 1 3 0 1 3 1 1
-0.691964906360 0.000000000000 2 6 11 3 0 1 1 1 3 0 1 2 1 1 3 1 3 2 2 4
0.691964906360 0.000000000000 2 6 12 3 0 1 1 1 3 3 1 2 2 2 4 0 1 3 1 1
1.383929812720 0.000000000000 2 6 13 3 0 1 1 1 1 0 1 2 1 2 3 1 3 2 3 4
-1.383929812720 0.000000000000 2 6 14 3 0 1 1 1 1 3 1 2 2 3 4 0 1 3 1 2
-1.383929812720 0.000000000000 2 6 15 3 0 1 1 1 2 0 1 2 1 1 3 1 3 2 3 4
1.383929812720 0.000000000000 2 6 16 3 0 1 1 1 2 3 1 2 2 3 4 0 1 3 1 1
1.383929812720 0.000000000000 2 6 17 3 3 1 1 2 3 4 0 1 2 1 1 0 1 3 1 2
-1.383929812720 0.000000000000 2 6 18 3 3 1 1 2 3 4 0 1 2 1 2 0 1 3 1 1
0.691964906360 0.000000000000 2 6 19 3 3 1 1 2 1 3 0 1 2 1 2 0 1 3 1 4
-0.691964906360 0.000000000000 2 6 20 3 3 1 1 2 1 3 0 1 2 1 4 0 1 3 1 2
-0.691964906360 0.000000000000 2 6 21 3 0 1 1 1 2 3 1 2 2 1 3 0 1 3 1 4
0.691964906360 0.000000000000 2 6 22 3 0 1 1 1 2 0 1 2 1 4 3 1 3 2 1 3
0.691964906360 0.000000000000 2 6 23 3 0 1 1 1 4 3 1 2 2 1 3 0 1 3 1 2
-0.691964906360 0.000000000000 2 6 24 3 0 1 1 1 4 0 1 2 1 2 3 1 3 2 1 3
0.691964906360 0.000000000000 2 6 25 3 0 1 1 1 1 3 1 2 2 2 3 0 1 3 1 4
-0.691964906360 0.000000000000 2 6 26 3 0 1 1 1 1 0 1 2 1 4 3 1 3 2 2 3
-0.691964906360 0.000000000000 2 6 27 3 3 1 1 2 2 3 0 1 2 1 1 0 1 3 1 4
0.691964906360 0.000000000000 2 6 28 3 3 1 1 2 2 3 0 1 2 1 4 0 1 3 1 1
0.691964906360 0.000000000000 2 6 29 3 0 1 1 1 4 0 1 2 1 1 3 1 3 2 2 3
-0.691964906360 0.000000000000 2 6 30 3 0 1 1 1 4 3 1 2 2 2 3 0 1 3 1 1
1.383929812720 0.000000000000 2 6 31 3 3 1 1 2 1 2 0 1 2 1 3 0 1 3 1 4
-1.383929812720 0.000000000000 2 6 32 3 3 1 1 2 1 2 0 1 2 1 4 0 1 3 1 3
-1.383929812720 0.000000000000 2 6 33 3 0 1 1 1 3 3 1 2 2 1 2 0 1 3 1 4
1.383929812720 0.000000000000 2 6 34 3 0 1 1 1 3 0 1 2 1 4 3 1 3 2 1 2
1.383929812720 0.000000000000 2 6 35 3 0 1 1 1 4 3 1 2 2 1 2 0 1 3 1 3
-1.383929812720 0.000000000000 2 6 36 3 0 1 1 1 4 0 1 2 1 3 3 1 3 2 1 2
-2.075894719080 0.000000000000 2 6 37 2 4 2 1 3 2 1 3 3 1 2 2 2 4
-2.075894719080 0.000000000000 2 6 38 2 4 2 1 3 2 2 4 3 1 2 2 1 3
2.075894719080 0.000000000000 2 6 39 2 4 2 1 3 2 1 4 3 1 2 2 2 3
2.075894719080 0.000000000000 2 6 40 2 4 2 1 3 2 2 3 3 1 2 2 1 4
-4.151789438159 0.000000000000 2 6 41 2 4 2 1 3 2 1 2 3 1 2 2 3 4
-4.151789438159 0.000000000000 2 6 42 2 4 2 1 3 2 3 4 3 1 2 2 1 2
2.075894719080 0.000000000000 2 6 43 2 3 1 1 2 1 3 4 2 2 3 2 2 4
2.075894719080 0.000000000000 2 6 44 2 3 1 1 2 2 4 4 2 2 3 2 1 3
-2.075894719080 0.000000000000 2 6 45 2 3 1 1 2 1 4 4 2 2 3 2 2 3
-2.075894719080 0.000000000000 2 6 46 2 3 1 1 2 2 3 4 2 2 3 2 1 4
4.151789438159 0.000000000000 2 6 47 2 3 1 1 2 1 2 4 2 2 3 2 3 4
4.151789438159 0.000000000000 2 6 48 2 3 1 1 2 3 4 4 2 2 3 2 1 2
2.075894719080 0.000000000000 2 6 49 2 4 2 1 2 2 1 3 3 1 3 2 2 4
2.075894719080 0.000000000000 2 6 50 2 4 2 1 2 2 2 4 3 1 3 2 1 3
-2.075894719080 0.000000000000 2 6 51 2 4 2 1 2 2 1 4 3 1 3 2 2 3
-2.075894719080 0.000000000000 2 6 52 2 4 2 1 2 2 2 3 3 1 3 2 1 4
4.151789438159 0.000000000000 2 6 53 2 4 2 1 2 2 1 2 3 1 3 2 3 4
4.151789438159 0.000000000000 2 6 54 2 4 2 1 2 2 3 4 3 1 3 2 1 2
-0.520753819490 0.000000000000 2 7 1 3 3 1 1 2 1 4 0 1 2 1 2 0 1 3 1 3
0.520753819490 0.000000000000 2 7 2 3 3 1 1 2 1 4 0 1 2 1 3 0 1 3 1 2
0.520753819490 0.000000000000 2 7 3 3 0 1 1 1 2 3 1 2 2 1 4 0 1 3 1 3
-0.520753819490 0.000000000000 2 7 4 3 0 1 1 1 2 0 1 2 1 3 3 1 3 2 1 4
-0.520753819490 0.000000000000 2 7 5 3 0 1 1 1 3 3 1 2 2 1 4 0 1 3 1 2
0.520753819490 0.000000000000 2 7 6 3 0 1 1 1 3 0 1 2 1 2 3 1 3 2 1 4
-0.520753819490 0.000000000000 2 7 7 3 0 1 1 1 1 3 1 2 2 2 4 0 1 3 1 3
0.520753819490 0.000000000000 2 7 8 3 0 1 1 1 1 0 1 2 1 3 3 1 3 2 2 4
0.520753819490 0.000000000000 2 7 9 3 3 1 1 2 2 4 0 1 2 1 1 0 1 3 1 3
-0.520753819490 0.000000000000 2 7 10 3 3 1 1 2 2 4 0 1 2 1 3 0 1 3 1 1
-0.520753819490 0.000000000000 2 7 11 3 0 1 1 1 3 0 1 2 1 1 3 1 3 2 2 4
0.520753819490 0.000000000000 2 7 12 3 0 1 1 1 3 3 1 2 2 2 4 0 1 3 1 1
1.041507638981 0.000000000000 2 7 13 3 0 1 1 1 1 0 1 2 1 2 3 1 3 2 3 4
-1.041507638981 0.000000000000 2 7 14 3 0 1 1 1 1 3 1 2 2 3 4 0 1 3 1 2
-1.041507638981 0.000000000000 2 7 15 3 0 1 1 1 2 0 1 2 1 1 3 1 3 2 3 4
1.041507638981 0.000000000000 2 7 16 3 0 1 1 1 2 3 1 2 2 3 4 0 1 3 1 1
1.041507638981 0.000000000000 2 7 17 3 3 1 1 2 3 4 0 1 2 1 1 0 1 3 1 2
-1.041507638981 0.000000000000 2 7 18 3 3 1 1 2 3 4 0 1 2 1 2 0 1 3 1 1
0.520753819490 0.000000000000 2 7 19 3 3 1 1 2 1 3 0 1 2 1 2 0 1 3 1 4
-0.520753819490 0.000000000000 2 7 20 3 3 1 1 2 1 3 0 1 2 1 4 0 1 3 1 2
-0.520753819490 0.000000000000 2 7 21 3 0 1 1 1 2 3 1 2 2 1 3 0 1 3 1 4
0.520753819490 0.000000000000 2 7 22 3 0 1 1 1 2 0 1 2 1 4 3 1 3 2 1 3
0.520753819490 0.000000000000 2 7 23 3 0 1 1 1 4 3 1 2 2 1 3 0 1 3 1 2
-0.520753819490 0.000000000000 2 7 24 3 0 1 1 1 4 0 1 2 1 2 3 1 3 2 1 3
0.520753819490 0.000000000000 2 7 25 3 0 1 1 1 1 3 1 2 2 2 3 0 1 3 1 4
-0.520753819490 0.000000000000 2 7 26 3 0 1 1 1 1 0 1 2 1 4 3 1 3 2 2 3
-0.520753819490 0.000000000000 2 7 27 3 3 1 1 2 2 3 0 1 2 1 1 0 1 3 1 4
0.520753819490 0.000000000000 2 7 28 3 3 1 1 2 2 3 0 1 2 1 4 0 1 3 1 1
0.520753819490 0.000000000000 2 7 29 3 0 1 1 1 4 0 1 2 1 1 3 1 3 2 2 3
-0.520753819490 0.000000000000 2 7 30 3 0 1 1 1 4 3 1 2 2 2 3 0 1 3 1 1
1.041507638981 0.000000000000 2 7 31 3 3 1 1 2 1 2 0 1 2 1 3 0 1 3 1 4
-1.041507638981 0.000000000000 2 7 32 3 3 1 1 2 1 2 0 1 2 1 4 0 1 3 1 3
-1.041507638981 0.000000000000 2 7 33 3 0 1 1 1 3 3 1 2 2 1 2 0 1 3 1 4
1.041507638981 0.000000000000 2 7 34 3 0 1 1 1 3 0 1 2 1 4 3 1 3 2 1 2
1.041507638981 0.000000000000 2 7 35 3 0 1 1 1 4 3 1 2 2 1 2 0 1 3 1 3
-1.041507638981 0.000000000000 2 7 36 3 0 1 1 1 4 0 1 2 1 3 3 1 3 2 1 2
-1.562261458471 0.000000000000 2 7 37 2 4 2 1 3 2 1 3 3 1 2 2 2 4
-1.562261458471 0.000000000000 2 7 38 2 4 2 1 3 2 2 4 3 1 2 2 1 3
1.562261458471 0.000000000000 2 7 39 2 4 2 1 3 2 1 4 3 1 2 2 2 3
1.562261458471 0.000000000000 2 7 40 2 4 2 1 3 2 2 3 3 1 2 2 1 4
-3.124522916942 0.000000000000 2 7 41 2 4 2 1 3 2 1 2 3 1 2 2 3 4
-3.124522916942 0.000000000000 2 7 42 2 4 2 1 3 2 3 4 3 1 2 2 1 2
1.562261458471 0.000000000000 2 7 43 2 3 1 1 2 1 3 4 2 2 3 2 2 4
1.562261458471 0.000000000000 2 7 44 2 3 1 1 2 2 4 4 2 2 3 2 1 3
-1.562261458471 0.000000000000 2 7 45 2 3 1 1 2 1 4 4 2 2 3 2 2 3
-1.562261458471 0.000000000000 2 7 46 2 3 1 1 2 2 3 4 2 2 3 2 1 4
3.124522916942 0.000000000000 2 7 47 2 3 1 1 2 1 2 4 2 2 3 2 3 4
3.124522916942 0.000000000000 2 7 48 2 3 1 1 2 3 4 4 2 2 3 2 1 2
1.562261458471 0.000000000000 2 7 49 2 4 2 1 2 2 1 3 3 1 3 2 2 4
1.562261458471 0.000000000000 2 7 50 2 4 2 1 2 2 2 4 3 1 3 2 1 3
-1.562261458471 0.000000000000 2 7 51 2 4 2 1 2 2 1 4 3 1 3 2 2 3
-1.562261458471 0.000000000000 2 7 52 2 4 2 1 2 2 2 3 3 1 3 2 1 4
3.124522916942 0.000000000000 2 7 53 2 4 2 1 2 2 1 2 3 1 3 2 3 4
3.124522916942 0.000000000000 2 7 54 2 4 2 1 2 2 3 4 3 1 3 2 1 2
